                   57   = _11  1001__
                     10               2
                   
                   0   |  1              1
                 2/1   |  1              32
               2/3     |  1              16
              2/7      |  0               8     is correct!     
           2/14        |  0               1
         2/28          |  1              ---    
       2/57  MODULUS                     57
                     
                     
                     
             BINARY TABLE
  7     6    5   4   3    2   1    0 
2     2    2   2   2    2   2    2     
128   64   32  16  8    4   2    1
                     
                     
                     
                     
               
